>AAGT	M0082_1.02	5.0
0.220376843233673	0.335405083126455	0.102037358383633	0.342180715256239
0.111783855635686	0.19374970511141	0.669524089636586	0.0249423496163177
0.00955288509820433	0.989147254256546	0.000370405552393628	0.000929455092855972
0.000437167247259141	0.891192593513859	0.000323861462271249	0.108046377776611
0.0462226229272057	0.377461792494246	0.191228558068319	0.38508702651023
0.132612042892642	0.336106439721267	0.329451086305756	0.201830431080335
0.430306909267877	0.248265489730574	0.229177931817072	0.092249669184477
0.301624022525262	0.0247588074843737	0.651437385096215	0.0221797848941492
0.0551007724268094	0.000431349650164324	0.943091901320596	0.00137597660243071
0.0952369898480878	0.349452769406959	0.435444964381152	0.119865276363801
>AAGT	M0083_1.02	5.0
0.163199213251302	0.129667258835303	0.108307198703776	0.59882632920962
0.203446121219998	0.349114940066573	0.246017140222317	0.201421798491112
0.00130116056401435	0.331376969107517	0.66731126865474	0.0000106016737283546
0.0000449450560343571	0.999930209537075	0.0000107557529223645	0.0000140896539685254
0.000213200050598331	0.948114854278831	0.0000226969585288651	0.0516492487120415
0.0200372477058837	0.28645828581645	0.155647358567993	0.537857107909673
0.106547100416525	0.394882062588589	0.390952920417022	0.107617916577863
0.565281124122801	0.177207820760997	0.234468950617137	0.0230421044990656
0.100633619797287	0.0000926882465930375	0.899182839059778	0.0000908528963419317
0.00011974133374526	0.0000375372534169443	0.999823320233314	0.0000194011795238631
>AAGT	M0084_1.02	5.0
0.194724930949842	0.400049365035052	0.150142966810958	0.255082737204149
0.0896002211864971	0.325498478847876	0.526029759576138	0.0588715403894892
0.0000860885381238705	0.989916898974391	0.000243563156757931	0.00975344933072718
0.00124808824790943	0.813717275128992	0.012324793663944	0.172709842959154
0.0706894000376936	0.449571826260281	0.225494469404755	0.254244304297271
0.114154144160938	0.272475765632486	0.444766611749864	0.168603478456712
0.586690910234237	0.182089463313641	0.161498866327	0.0697207601251223
0.199174931550172	0.00192357126540435	0.79170075939043	0.00720073779399422
0.0193588864578867	0.000265312092937717	0.975696487239664	0.00467931420951154
0.0617474939513211	0.509308228650043	0.305837339583398	0.123106937815237
>AAGT	M0085_1.02	5.0
0.213213787429274	0.176319089002954	0.135951113189137	0.474516010378635
0.222123506147444	0.321575888559944	0.134724716732668	0.321575888559944
0.00478362919641185	0.213833891119125	0.753854594317907	0.0275278853665555
0.000430838687202067	0.961003897014204	0.000168297583797166	0.0383969667147971
0.000296264943351167	0.937764501068933	0.000164227741626238	0.0617750062460897
0.00127416399055201	0.327762830445553	0.135950421173406	0.535012584390489
0.122836800613577	0.314459927007858	0.39184119773214	0.170862074646424
0.454989921742065	0.254748114012054	0.23050562573609	0.0597563385097914
0.118505209054432	0.0011330996365641	0.841307237723707	0.0390544535852974
0.00287140224402626	0.00165665498037093	0.957954705172133	0.03751723760347
>AAGT	M0100_1.02	5.0
0.291914560505476	0.144960480726884	0.227343288321208	0.335781670446433
0.215882429272523	0.174990896156286	0.0989618033267347	0.510164871244456
0.132131687376893	0.113726797266675	0.0931116263744367	0.661029888981995
0.0942980274912034	0.119876287320318	0.053327933370597	0.732497751817881
0.424514896753344	0.0331468303950826	0.376510937629045	0.165827335222528
0.997837908763272	0.000417108394699453	0.00124059468357463	0.000504388158453591
0.000417719357032962	0.00018769340601269	0.0000950886688519217	0.999299498568102
0.254835870809899	0.259983896886266	0.0815013589418181	0.403678873362017
0.327604944531586	0.204753833449121	0.270915901214096	0.196725320805198
>AAGT	M0103_1.02	5.0
0.280525640513979	0.184318479989365	0.225127099831297	0.310028779665358
0.22670937562992	0.176561439277665	0.107089926253936	0.489639258838479
0.139202721789196	0.122233273977483	0.102097812599767	0.636466191633554
0.115272407981399	0.102237454430373	0.0566730105182031	0.725817127070025
0.377683130513249	0.0491096505980844	0.312328514524276	0.26087870436439
0.967813936784444	0.0101253264607059	0.0106444630494216	0.0114162737054279
0.000385606071561298	0.000207434641320853	0.000100969279639449	0.999305990007478
0.294768886248794	0.222781531724385	0.115144931984687	0.367304650042135
0.296024751972995	0.225979225482641	0.228250354455907	0.249745668088457
>AAGT	M0104_1.02	5.0
0.467942765191282	0.177352411724758	0.177352411724758	0.177352411724758
0.273411256689523	0.0800672787313061	0.0800672787313061	0.566454186213422
0.609177201591512	0.119173527446214	0.0337486522707767	0.237900619057056
0.104442930783005	0.000140594663406183	0.000140594663406183	0.895275880255742
0.000140594663406183	0.000140594663406183	0.000140594663406183	0.99957821637534
0.99957821637534	0.000140594663406183	0.000140594663406183	0.000140594663406183
0.910941049109006	0.000140594663406183	0.000140594663406183	0.0887777619297409
0.0887777619297409	0.000140594663406183	0.000140594663406183	0.910941049109006
0.261793141634989	0.167866220511198	0.072788183030037	0.497552455189334
0.489780052295089	0.170073316023489	0.170073316023489	0.170073316023489
0.350824172913502	0.216391942484019	0.216391942484019	0.216391942484019
>AAGT	M0105_1.02	5.0
0.265180223943149	0.185009964398597	0.202433145271085	0.347376666387168
0.185395841081847	0.187259100261114	0.108039102397705	0.519305956259335
0.151265469015653	0.141038988477037	0.100387366356177	0.607308176151133
0.0959196207629333	0.138866155195201	0.0564587654757789	0.708755458566087
0.354423677915533	0.113351434001304	0.333783649726718	0.198441238356446
0.739186206381727	0.0942122165276178	0.0571425978483104	0.109458979242345
0.0232791873375417	0.0244727367948736	0.0200365822266229	0.932211493640962
0.285932904321579	0.2461047314782	0.0896360141820021	0.37832635001822
0.2540877758768	0.232218742173543	0.267115134719493	0.246578347230164
>AAGT	M0106_1.02	5.0
0.287206939393284	0.137030427435866	0.210651055515525	0.365111577655325
0.21987217097085	0.145918221272923	0.0769415726153654	0.557268035140861
0.118815780491721	0.0765216900417739	0.071348350884552	0.733314178581953
0.0706816722794082	0.0821203871854347	0.0602309480282704	0.786966992506887
0.408983438231279	0.0393964086957739	0.306027406586472	0.245592746486475
0.964658602159468	0.012326781576929	0.0132205740896339	0.00979404217396957
0.000825649871020928	0.0174338813900536	0.000894415827692385	0.980846052911233
0.322598211270614	0.238986632880709	0.0924259350070582	0.345989220841619
0.30094521959172	0.229735409565496	0.199722370273203	0.269597000569581
>AAGT	M0107_1.02	5.0
0.211232894701985	0.302766321280676	0.189229637575051	0.296771146442288
0.227631138905932	0.246589868973587	0.319809820124774	0.205969171995707
0.415267998848438	0.0855348668669748	0.310729914334761	0.188467219949826
0.253025428124126	0.128186981402981	0.0777493344034859	0.541038256069407
0.862146024839233	0.016600364606188	0.0621421597232766	0.0591114508313029
0.095417833844251	0.00164586404105287	0.0672398110607771	0.835696491053919
0.204269327557362	0.230313023690495	0.067995352442928	0.497422296309215
0.279564177939133	0.198985485176026	0.305891934141538	0.215558402743304
>AAGT	M0108_1.02	5.0
0.226413531249903	0.226413531249903	0.32075940625029	0.226413531249903
0.368385274561238	0.176935679179429	0.277743367079905	0.176935679179429
0.257042106306345	0.14962085432816	0.0510925310547946	0.5422445083107
0.902431735197292	0.000154848140428682	0.0972585685218506	0.000154848140428682
0.999535455578714	0.000154848140428682	0.000154848140428682	0.000154848140428682
0.000154848140428682	0.000154848140428682	0.000154848140428682	0.999535455578714
0.999535455578714	0.000154848140428682	0.000154848140428682	0.000154848140428682
0.000154848140428682	0.000154848140428682	0.000154848140428682	0.999535455578714
0.0237413168905255	0.0237413168905255	0.0237413168905255	0.928776049328424
0.177718436529296	0.0732191689609999	0.466267106848314	0.28279528766139
0.301955809437684	0.199062317085634	0.199062317085634	0.299919556391047
>AAGT	M0109_1.02	5.0
0.252146966450565	0.208515237009096	0.237463070256406	0.301874726283933
0.224941583058319	0.238851193726671	0.146326545571522	0.389880677643488
0.172090353073454	0.177331284573304	0.163697407517569	0.486880954835673
0.160788944711226	0.162404900470586	0.109957354323043	0.566848800495145
0.33194092343763	0.11049353492895	0.318925333663499	0.238640207969921
0.779062367095731	0.073559242614335	0.109737494864438	0.0376408954254955
0.0322646577939934	0.10605655027597	0.0211993907974681	0.840479401132568
0.283412500118702	0.236726018897941	0.157103281666271	0.322758199317085
0.260040150194666	0.257452707468772	0.240047313364775	0.242459828971787
>AAGT	M0110_1.02	5.0
0.229319605250139	0.25598444646226	0.250915614810319	0.263780333477281
0.194316566938985	0.317186083994303	0.177591970343081	0.310905378723631
0.2290147234464	0.255644113590671	0.331552542380186	0.183788620582743
0.525745755896138	0.0747999893353047	0.294364189983772	0.105090064784785
0.33006784871608	0.122645519059191	0.0881727744556434	0.459113857769086
0.930615773432509	0.000580332821560831	0.0491976810623392	0.0196062126835913
0.0340701620563921	0.0219424252381518	0.0202554114169782	0.923732001288478
0.151462124438387	0.21709511813614	0.0530023149109609	0.578440442514513
0.292785161260045	0.179367917628287	0.323577645463227	0.204269275648441
0.247456901434012	0.254993086039475	0.242556926487039	0.254993086039475
>AAGT	M0111_1.02	5.0
0.228747779857777	0.221987261273242	0.148802511206056	0.400462447662925
0.182464649677648	0.170128911712754	0.146431311335391	0.500975127274208
0.138321930568285	0.188591593962175	0.0714918744116547	0.601594601057885
0.336065478968902	0.0601779507824717	0.422972015150787	0.180784555097839
0.973888981676427	0.000879235337842665	0.0220056076912393	0.00322617529449091
0.0451943827464229	0.000360945899200448	0.000149714191052137	0.954294957163325
0.278506218085812	0.244555037589486	0.112105499340762	0.36483324498394
0.300419859163235	0.203401330895635	0.269126364764401	0.227052445176728
>AAGT	M0114_1.02	5.0
0.198826765680026	0.235670329926106	0.14877482502513	0.416728079368738
0.162360270464887	0.175882781296445	0.159145321707946	0.502611626530722
0.174479380234755	0.162683495833828	0.100665845351096	0.56217127858032
0.409838444663544	0.0887446411299044	0.309749233114855	0.191667681091697
0.912942492820545	0.000248247981487812	0.0350463998008252	0.0517628593971422
0.0572759198846612	0.00059326167141244	0.000248547896384002	0.941882270547542
0.240119519033002	0.254967680845552	0.196593234653252	0.308319565468194
0.268348305286779	0.215354559402015	0.271045250591207	0.245251884719999
>AAGT	M0122_1.02	5.0
0.245292022054032	0.273814105072343	0.242851325655002	0.238042547218623
0.237805974053946	0.293376012706592	0.242609973395385	0.226208039844077
0.216344897009267	0.251356909578523	0.297934564327765	0.234363629084444
0.258630075347826	0.241145083898973	0.263854749440182	0.236370091313018
0.502489360928818	0.000516631444802867	0.41140349290082	0.085590514725559
0.353817252590562	0.295533011381258	0.000353023922714841	0.350296712105465
0.360996510247732	0.114304768784153	0.184725010865673	0.339973710102442
0.355533154546925	0.121950900256372	0.207186324492126	0.315329620704577
0.338774258755717	0.18042839262468	0.203432444615731	0.277364904003871
>AAGT	M0132_1.02	5.0
0.237374365256798	0.264975798420335	0.264975798420335	0.232674037902532
0.254916104618302	0.278922646171414	0.226090302838883	0.240070946371401
0.234840478880012	0.237200664930482	0.304571682613113	0.223387173576393
0.201961165776598	0.286596536412694	0.267220839360804	0.244221458449904
0.601324725021462	0.000225177814507437	0.32026061832323	0.078189478840801
0.466520733785049	0.184067486509081	0.000331311077403809	0.349080468628466
0.391854154268451	0.0701678139683485	0.0641285533889585	0.473849478374242
0.435119793978992	0.0835647166960312	0.0756124824954202	0.405703006829557
0.376314939132859	0.160842624123848	0.160842624123848	0.301999812619445
0.303804428246726	0.2366031266291	0.161803747611009	0.297788697513164
>AAGT	M0134_1.02	5.0
0.295752434353566	0.289896143781587	0.225771343796012	0.188580078068835
0.256033592554268	0.248466656333927	0.263830976290617	0.231668774821187
0.36920719968625	0.139960186969639	0.273515420748305	0.217317192595806
0.334398121000966	0.133264018542473	0.250217931024006	0.282119929432555
0.408108480369727	0.081575830447117	0.176184725701254	0.334130963481903
0.716328876415998	0.00214714571795136	0.00170597942244977	0.279817998443601
0.604747373505467	0.000299635305445155	0.139046833303159	0.255906157885928
0.27021396903627	0.135532860411742	0.0766472803499314	0.517605890202056
>AAGT	M0139_1.02	5.0
0.201025230840445	0.307957056004454	0.244500520695835	0.246517071903126
0.321983789741679	0.166010852901056	0.32015332142397	0.191852011562883
0.414246946689318	0.188210689734469	0.192639506730357	0.204902793121637
0.431510073818428	0.0644325582743108	0.100297024630951	0.403760353309205
0.423723308933331	0.047935962435467	0.0000488793785110354	0.528291600057901
0.528291600057901	0.0000488793785110354	0.047935962435467	0.423723308933331
0.403760353309205	0.100297024630951	0.0644325582743108	0.431510073818428
0.204902793121637	0.192639506730357	0.188210689734469	0.414246946689318
0.191852011562883	0.32015332142397	0.166010852901056	0.321983789741679
0.246517071903126	0.244500520695835	0.307957056004454	0.201025230840445
>AAGT	M0168_1.02	5.0
0.0005	0.0005	1	0.0005
1	0.0005	0.0005	0.0005
0.0005	1	0.0005	0.0005
1	0.0005	0.0005	0.0005
0.0005	0.0005	1	0.0005
0.0005	1	0.0005	0.0005
0.0005	0.0005	0.0005	1
0.0005	0.0005	1	0.0005
>AAGT	M0174_1.02	5.0
0.280635232648035	0.184390487152528	0.316415341246493	0.218558938952943
0.390543979026777	0.0692373589092782	0.481805538356454	0.0584131237074911
0.0731911896650063	0.0912018383221836	0.083352204197975	0.752254767814835
0.00616824128866076	0.99169316907354	0.00176723071776544	0.000371358920034368
0.89369792755695	0.0427499416278275	0.0123711584274995	0.0511809723877232
0.00656742150117214	0.707771491228926	0.068177956183898	0.217483131086004
0.151076634037417	0.0399563344255861	0.794558979512785	0.0144080520242115
0.25464499362951	0.242225810744232	0.11556930501888	0.387559890607378
0.0358927339768651	0.036253461950379	0.863103727787986	0.0647500762847703
0.230459338444676	0.225895937795387	0.347260229889737	0.196384493870199
>AAGT	M0175_1.02	5.0
0.237177397274721	0.246856790476771	0.223365260923417	0.292600551325091
0.263053236240234	0.221928760314073	0.327784516572482	0.187233486873211
0.0596660889680697	0.787421619215008	0.0474067126169261	0.105505579199996
0.799512458253537	0.000774143606785956	0.0593826511275016	0.140330747012176
0.0185575284088413	0.805026785056173	0.000346759283080402	0.176068927251905
0.0485917175083526	0.0940148825401111	0.857013005640804	0.000380394310732265
0.0325665039111348	0.226622190627627	0.00329789462730664	0.737513410833931
0.0752257651207733	0.00163312244728954	0.788785004956817	0.13435610747512
0.183542679568171	0.327814279359491	0.217554028510247	0.271089012562091
>AAGT	M0176_1.02	5.0
0.273463950565434	0.424609450014026	0.181484419208582	0.120442180211959
0.0975760388721827	0.82934145616817	0.0392767193373371	0.0338057856223107
0.662485847942757	0.0560362720621438	0.199536902914541	0.0819409770805582
0.0432903291761405	0.20808138248726	0.467747801507811	0.280880486828789
0.29971279143945	0.470043222926044	0.215470638990962	0.0147733466435442
0.00439669683860826	0.0723021264363242	0.0156559892003009	0.907645187524767
0.000715474974265445	0.000171219545025189	0.997439346709778	0.00167395877093169
0.378736085107797	0.0820098709466582	0.275018843520948	0.264235200424597
0.118252788962474	0.228794589580755	0.178185405535515	0.474767215921256
>AAGT	M0177_1.02	5.0
0.301828158138594	0.199871034350603	0.298429774318562	0.199871034350603
0.282455744865405	0.579511475208214	0.0690163905423708	0.0690163905423708
0.00013930460478615	0.999582087344002	0.00013930460478615	0.00013930460478615
0.999582087344002	0.00013930460478615	0.00013930460478615	0.00013930460478615
0.00013930460478615	0.217000600529757	0.00013930460478615	0.782720791419031
0.789107815179259	0.00013930460478615	0.210613576769529	0.00013930460478615
0.00013930460478615	0.00013930460478615	0.00013930460478615	0.999582087344002
0.00013930460478615	0.00013930460478615	0.999582087344002	0.00013930460478615
0.0502682705437741	0.0502682705437741	0.154735830987712	0.744727629083101
0.181122914352006	0.181122914352006	0.27227085749432	0.365483314960029
>AAGT	M0178_1.02	5.0
0.315548023818622	0.181280734609695	0.304969499060175	0.198201737097486
0.342566703674317	0.215649846232001	0.329096468177407	0.11268685391255
0.0362954509577013	0.956859052747812	0.0000000000251997531626311	0.00684524797583178
0.887444523624217	0.026036071387677	0.0520400833703172	0.0344794927042921
0.0223128363654101	0.233166793609505	0.582931644852393	0.161588898665266
0.161588898665266	0.582931644852393	0.233166793609505	0.0223128363654101
0.0344794927042921	0.0520400833703172	0.026036071387677	0.887444523624217
0.00684524797583178	0.0000000000251997531626311	0.956859052747812	0.0362954509577013
0.11268685391255	0.329096468177407	0.215649846232001	0.342566703674317
0.198201737097486	0.304969499060175	0.181280734609695	0.315548023818622
>AAGT	M0179_1.02	5.0
0.30661145414144	0.231129513041055	0.231129513041055	0.231129513041055
0.341743261240872	0.181842490428781	0.294571751166171	0.181842490428781
0.0790557672651171	0.0790557672651171	0.208948378197076	0.632940080537295
0.0953021152703613	0.793286874411477	0.0198201741699769	0.0915908294127913
0.999458642580573	0.000180450228010592	0.000180450228010592	0.000180450228010592
0.15422128709626	0.773647150469511	0.000180450228010592	0.0719511054708251
0.000180450228010592	0.000180450228010592	0.852206046237376	0.147433046571209
0.000180450228010592	0.000180450228010592	0.000180450228010592	0.999458642580573
0.0976098312709714	0.0190509355031067	0.864288290987421	0.0190509355031067
0.265173410126372	0.598150666907471	0.0683379581153805	0.0683379581153805
0.31618230673012	0.171124681279045	0.171124681279045	0.341568323976395
0.230360274374186	0.230360274374186	0.230360274374186	0.30891917014205
>AAGT	M0180_1.02	5.0
0.441686077335246	0.235874553657075	0.161219685210698	0.161219685210698
0.191878971363671	0.187981565241556	0.225189373721908	0.394950091086581
0.000211098904903321	0.000211098904903321	0.26587658024631	0.7337012233576
0.141243821839348	0.708097563270374	0.000211098904903321	0.150447517399091
0.929872579773468	0.000211098904903321	0.0697052238304411	0.000211098904903321
0.000211098904903321	0.496749429589153	0.000211098904903321	0.502828374014757
0.362576786764956	0.000211098904903321	0.56624355451469	0.0709685612291673
0.000211098904903321	0.000211098904903321	0.0709685612291673	0.928609242374742
0.157008472416639	0.0889914140476347	0.665008700901808	0.0889914140476347
0.330549443325644	0.403476565405992	0.13298699634104	0.13298699634104
>AAGT	M0181_1.02	5.0
0.213190470681363	0.185338891399773	0.327728654979927	0.273741982938937
0.340712165646957	0.160941031183963	0.265346901419007	0.232999901750074
0.209404928740052	0.197210135047116	0.258338266224246	0.335046669988586
0.000001144638823871	0.999578678084578	0.0000711712645291477	0.000349006012068748
0.888940103878122	0.000000166590785504912	0.111055475848333	0.00000425368276042776
0.0000268718166758208	0.798969481717227	0.0000000602699302482245	0.201003586196167
0.0000000792514923260598	0.0764866092403919	0.922526113177008	0.000987198331107334
0.0979899745248276	0.0127415100708626	0.112715300243932	0.776553215160378
0.0522219355156149	0.0538123302236209	0.769316629604812	0.124649104655953
>AAGT	M0182_1.02	5.0
0.21348951773435	0.315319917368136	0.291076970067742	0.180113594829772
0.12091741081953	0.709888387547328	0.0740771973906141	0.0951170042425276
0.532339341130825	0.0925067065894536	0.246480071751811	0.12867388052791
0.0185935568795272	0.873768193571498	0.0291605018235511	0.078477747725424
0.214454151278708	0.0508101414148968	0.733696876382249	0.00103883092414654
0.0184679303566214	0.0000345978317408447	0.0507055683237529	0.930791903487885
0.0000566438612688782	0.0000698802888761704	0.971681755248183	0.0281917206016722
0.357782708713957	0.270406354232784	0.190552137223365	0.181258799829893
0.215087389117284	0.284588536785444	0.15618550050265	0.344138573594622
0.253280278045734	0.348799303036663	0.182089203107463	0.215831215810139
>AAGT	M0183_1.02	5.0
0.127939006946141	0.141394469761966	0.584965950850461	0.145700572441433
0.373417148015633	0.217608190432434	0.219795189104792	0.189179472447141
0.050354008819253	0.853271883397457	0.050354008819253	0.0460200989640372
0.802681366946481	0.0116809327460858	0.158849598340823	0.0267881019666094
0.0138441991345258	0.914032664826335	0.014848016834516	0.0572751192046228
0.0543997632654571	0.0292640500581837	0.903575618531822	0.0127605681445373
0.0170378258077582	0.146267321902281	0.0116515115675559	0.825043340722405
0.010323904611592	0.00204308729265632	0.967254882675599	0.0203781254201525
0.0938951111302239	0.524359920610792	0.108005086171331	0.273739882087653
>AAGT	M0184_1.02	5.0
0.267667212789363	0.262367046864737	0.202298527556536	0.267667212789363
0.266551771399352	0.25102900467051	0.393691846906311	0.0887273770238272
0.0121724104152643	0.981588275161534	0.00362977967067755	0.00260953475252424
0.970200262754531	0.00660285748414534	0.00774852503704482	0.0154483547242791
0.00509644977714664	0.134094419458368	0.852816306476855	0.00799282428763034
0.0932008521563561	0.11270309296777	0.784272757326356	0.00982329754951741
0.00177702581299501	0.0398427746335081	0.000290817625590713	0.958089381927906
0.00508981969611867	0.000808352063737052	0.989542194013772	0.0045596342263724
0.0629823482571875	0.34476206086831	0.233423523392417	0.358832067482085
>AAGT	M0185_1.02	5.0
0.23762782984804	0.21501455201682	0.287351357626689	0.260006260508451
0.312993404155591	0.258832754438797	0.209805753096599	0.218368088309013
0.353090977948188	0.239062673958846	0.316310950917097	0.0915353971758692
0.0291975280440731	0.892551351852533	0.0112918818799179	0.0669592382234765
0.915202990449016	0.00910793388283872	0.0268199466523605	0.0488691290157849
0.000335081699793019	0.683084862715156	0.146440485275055	0.170139570309996
0.0171489095767734	0.70763936286436	0.211016132866769	0.0641955946920969
0.0366545648705105	0.0334997499182159	0.0306164661495101	0.899229219061763
0.00638401417245714	0.00853177202359808	0.919469689419127	0.0656145243848176
0.111589312558507	0.338601967227742	0.306379729773421	0.243428990440329
>AAGT	M0186_1.02	5.0
0.258483620993703	0.297326936655769	0.322090425346254	0.122099017004275
0.0213367366779349	0.973044983719928	0.00300545903705683	0.00261282056508089
0.939037960862516	0.031653727237269	0.0175465246729103	0.0117617872273052
0.00688337759168667	0.186626531093945	0.803606289607851	0.0028838017065173
0.20314495693093	0.138922996530084	0.654531555656322	0.00340049088266333
0.00424309566224099	0.00692607387172516	0.00121566726102533	0.987615163205009
0.00330192252606427	0.000974827138740955	0.98683700260951	0.00888624772568506
0.117426124465577	0.319197300267243	0.253612980900522	0.309763594366658
>AAGT	M0187_1.02	5.0
0.393015693265865	0.151995291471706	0.362799210845098	0.0921898044173318
0.117172480887512	0.118350083897898	0.0696614475503879	0.694815987664202
0.128123345045796	0.47961966866369	0.327993382519362	0.0642636037711525
0.39737209422095	0.00270438115412173	0.466320472384467	0.133603052240462
0.000287709567540835	0.485022967281814	0.31551185138942	0.199177471761225
0.212693169203686	0.139749370431579	0.578159976786108	0.0693974835786276
0.0990094836598022	0.160006692103972	0.0020446275397299	0.738939196696496
0.0554498821437007	0.0256740200721893	0.841747078999448	0.0771290187846623
0.578926152864377	0.073052249174219	0.141340931697353	0.206680666264051
0.101128594268463	0.261489182991046	0.146407366445548	0.490974856294943
>AAGT	M0188_1.02	5.0
0.571172007714439	0.110795970242506	0.316616228184248	0.0014157938588076
0.160197236376486	0.136511079991463	0.0601238008273665	0.643167882804685
0.0853043885258592	0.817479561247626	0.0971470588732669	0.0000689913532476417
0.711640020076886	0.000000213381737030406	0.190104171696599	0.0982555948447777
0.0271705778295659	0.615315220328594	0.144334668536319	0.213179533305521
0.158340059815874	0.306355133926368	0.466260736169259	0.0690440700884988
0.139615837910578	0.440933749283953	0.000021256227610118	0.419429156577858
0.0701630937731749	0.219383741971318	0.539596934207896	0.170856230047611
0.556484410607666	0.0947876529218826	0.157849043786803	0.190878892683649
>AAGT	M0189_1.02	5.0
0.277716186252772	0.166851441241685	0.499445676274945	0.0559866962305987
0.000369822485207101	0.998890532544379	0.000369822485207101	0.000369822485207101
0.999001331557923	0.00033288948069241	0.00033288948069241	0.00033288948069241
0.00033288948069241	0.999001331557923	0.00033288948069241	0.00033288948069241
0.00033288948069241	0.00033288948069241	0.999001331557923	0.00033288948069241
0.00033288948069241	0.00033288948069241	0.00033288948069241	0.999001331557923
0.00034435261707989	0.00034435261707989	0.99896694214876	0.00034435261707989
0.499546279491833	0.0458257713248639	0.272686025408348	0.181941923774955
>AAGT	M0190_1.02	5.0
0.0774539877300614	0.000766871165644172	0.000766871165644172	0.92101226993865
0.000586854460093897	0.70481220657277	0.294014084507042	0.000586854460093897
0.411384976525822	0.000586854460093897	0.587441314553991	0.000586854460093897
0.000586854460093897	0.822183098591549	0.117957746478873	0.0592723004694836
0.000586854460093897	0.000586854460093897	0.998239436619718	0.000586854460093897
0.000586854460093897	0.0592723004694836	0.000586854460093897	0.939553990610329
0.000586854460093897	0.000586854460093897	0.998239436619718	0.000586854460093897
0.844325153374233	0.000766871165644172	0.0774539877300614	0.0774539877300614
>AAGT	M0191_1.02	5.0
0.18719195588774	0.257787239699428	0.37695830794107	0.178062496471762
0.208846037086619	0.299345168052412	0.396072516010579	0.0957362788503903
0.0401927255366837	0.8745294951722	0.0142063070241201	0.0710714722669959
0.742946830011018	0.0334691621303399	0.141263152567553	0.0823208552910888
0.0292232401766378	0.83294223049133	0.0559783097082844	0.0818562196237477
0.164829915703552	0.0406465567888565	0.768864020958625	0.0256595065489669
0.115790115043473	0.469552070574221	0.0668050849244715	0.347852729457834
0.0582070638823946	0.112618580995154	0.661167174591915	0.168007180530536
0.225947081237692	0.301961890190388	0.151456857907099	0.320634170664822
0.217140432426209	0.383962272156379	0.198451412780608	0.200445882636804
>AAGT	M0192_1.02	5.0
0.227282050128911	0.175246185184277	0.397896434933976	0.199575329752836
0.347982272148033	0.154802720688814	0.337697841761831	0.159517165401321
0.144508353583953	0.798981119929821	0.0335600817119425	0.0229504447742836
0.234584457192183	0.0829149747238985	0.522077310598861	0.160423257485057
0.0280702986291429	0.82444631564765	0.0253990565355209	0.122084329187687
0.0316068213642939	0.0170027137447507	0.947069956996131	0.00432050789482478
0.0454866187329418	0.0464055093844766	0.0214863572894459	0.886621514593136
0.0108206696685841	0.00491090461121172	0.96435372550835	0.0199147002118548
0.0957512697443464	0.416444787070109	0.242682471897495	0.24512147128805
0.159861120296677	0.443326021691849	0.207328696591754	0.18948416141972
>AAGT	M0193_1.02	5.0
0.279394473838918	0.0736331569664903	0.632128159905938	0.0148442092886537
0.02710734870317	0.0451188760806916	0.0721361671469741	0.855637608069164
0.0000746045956430916	0.999776186213071	0.0000746045956430916	0.0000746045956430916
0.850566994926888	0.0373769024171889	0.0299164428528797	0.0821396598030439
0.0000746045956430916	0.82818561623396	0.0448373619814981	0.126902417188899
0.104521038495971	0.0224559832885706	0.872948373619815	0.0000746045956430916
0.17357898215466	0.140532055518837	0.0579147389292796	0.627974223397224
0.0000925583117363939	0.0000925583117363939	0.990466493891151	0.00934838948537579
>AAGT	M0194_1.02	5.0
0.361198552252014	0.183013312044444	0.272774825731717	0.183013312044444
0.138913543410725	0.651657608644628	0.134873560821641	0.0745552891956276
0.0000460188819061934	0.999861945426903	0.0000460188819061934	0.0000460188819061934
0.999861945426903	0.0000460188819061934	0.0000460188819061934	0.0000460188819061934
0.0000460188819061934	0.0000460188819061934	0.0000460188819061934	0.999861945426903
0.999861945426903	0.0000460188819061934	0.0000460188819061934	0.0000460188819061934
0.0000460188819061934	0.0000460188819061934	0.0000460188819061934	0.999861945426903
0.0000460188819061934	0.0000460188819061934	0.999861945426903	0.0000460188819061934
0.0670327073556171	0.298562699444881	0.220535558229873	0.41386903704225
0.175490730204434	0.236272236315342	0.175490730204434	0.412746305348411
>AAGT	M0195_1.02	5.0
0.349915233034797	0.146774491840211	0.278558313472422	0.224751940176643
0.357001764134504	0.417355221151345	0.173504245230611	0.0521385767794315
0.139509007784676	0.827857058888784	0.0320014688843292	0.000632758107859985
0.724592525393345	0.0000000000415669248371684	0.227644931845003	0.047762532654071
0.0644540332571421	0.126183595447474	0.294077513995126	0.515284895866075
0.515284895866075	0.294077513995126	0.126183595447474	0.0644540332571421
0.047762532654071	0.227644931845003	0.0000000000415669248371684	0.724592525393345
0.000632758107859985	0.0320014688843292	0.827857058888784	0.139509007784676
0.0521385767794315	0.173504245230611	0.417355221151345	0.357001764134504
0.224751940176643	0.278558313472422	0.146774491840211	0.349915233034797
>AAGT	M0196_1.02	5.0
0.273313052468095	0.176529552821085	0.292754176508302	0.257403229404632
0.15418508911034	0.377248896449597	0.420346747420406	0.0482192782217707
0.000226429631976447	0.999320722306185	0.000226429631976447	0.000226429631976447
0.999320722306185	0.000226429631976447	0.000226429631976447	0.000226429631976447
0.0811001062155235	0.918447045722639	0.000226429631976447	0.000226429631976447
0.0811001062155235	0.000226429631976447	0.918447045722639	0.000226429631976447
0.000226429631976447	0.000226429631976447	0.000226429631976447	0.999320722306185
0.0811001062155235	0.000226429631976447	0.918447045722639	0.000226429631976447
0.0736968796114198	0.17218147539991	0.187665065288333	0.566456590902451
0.297058178630239	0.298927524150405	0.202007154210735	0.202007154210735
>AAGT	M0197_1.02	5.0
0.233907435402331	0.233907435402331	0.233907435402331	0.298277690366588
0.459617114001894	0.12376061518519	0.292861652201308	0.12376061518519
0.0177251232576446	0.171967949133736	0.153118243228588	0.657188680953614
0.000134709729092269	0.999595867386304	0.000134709729092269	0.000134709729092269
0.999595867386304	0.000134709729092269	0.000134709729092269	0.000134709729092269
0.0645049646933487	0.935225612422048	0.000134709729092269	0.000134709729092269
0.000134709729092269	0.000134709729092269	0.935225612422048	0.0645049646933487
0.0645049646933487	0.000134709729092269	0.000134709729092269	0.935225612422048
0.0162272734701564	0.0162272734701564	0.951318176163112	0.0162272734701564
0.330773259797285	0.19618643981137	0.346666203277629	0.126374093687297
0.232409585614842	0.232409585614842	0.302771239729053	0.232409585614842
>AAGT	M0198_1.02	5.0
0.314174524756232	0.219192128190366	0.249622216979037	0.217011130074365
0.209217755441774	0.174753358824154	0.434143707044812	0.18188517868926
0.159170720596199	0.387601341282725	0.102511741241618	0.350716196879458
0.253997799856302	0.37892019094658	0.186293913202024	0.180788095995093
0.131111824188833	0.769738293525936	0.0264710207788052	0.0726788615064253
0.0756476737963478	0.0298470703820171	0.894340602534957	0.000164653286677967
0.109743559312218	0.0247331973967679	0.070678849181618	0.794844394109396
0.000431274184161233	0.092664807891697	0.89693981659896	0.00996410132518156
0.171236839229188	0.574240112188748	0.137420782390208	0.117102266191857
0.291434346715083	0.191486010707605	0.30332800802873	0.213751634548582
>AAGT	M0199_1.02	5.0
0.214246675763883	0.214246675763883	0.214246675763883	0.357259980111845
0.341052031026805	0.197239453505592	0.197239453505592	0.264469069365505
0.341052031026805	0.197239453505592	0.197239453505592	0.264469069365505
0.245377050272669	0.332697018791909	0.244577777099416	0.177348161239503
0.0829253849823245	0.152322555246101	0.681826682192746	0.0829253849823245
0.602960844450104	0.000157832143936602	0.396723498665518	0.000157832143936602
0.281516572662003	0.718167770453619	0.000157832143936602	0.000157832143936602
0.93012934070791	0.000157832143936602	0.0695550024077128	0.000157832143936602
0.174256594401033	0.75392109654061	0.0359111582309269	0.0359111582309269
0.123234927626159	0.0529183804892183	0.770928318798901	0.0529183804892183
0.0529183804892183	0.0529183804892183	0.0529183804892183	0.841244865935841
0.143126219892248	0.0728096727553075	0.711254442000633	0.0728096727553075
0.237548996149426	0.427986113229097	0.167232449012485	0.167232449012485
>AAGT	M0200_1.02	5.0
0.239963999919764	0.200308929360573	0.336557214894811	0.223169782759277
0.293275975670095	0.320739749817409	0.252774152007008	0.133210021800688
0.162183637150943	0.774560340186901	0.0281128835309259	0.0351434282013917
0.713118746394293	0.0544627243095784	0.173280313779678	0.0591383243871887
0.0279391427523217	0.674387504408808	0.0476807446742688	0.249992903865608
0.249992903865608	0.0476807446742688	0.674387504408808	0.0279391427523217
0.0591383243871887	0.173280313779678	0.0544627243095784	0.713118746394293
0.0351434282013917	0.0281128835309259	0.774560340186901	0.162183637150943
0.133210021800688	0.252774152007008	0.320739749817409	0.293275975670095
0.223169782759277	0.336557214894811	0.200308929360573	0.239963999919764
>AAGT	M0201_1.02	5.0
0.317421389751222	0.183418997093201	0.333604219959941	0.165555413168945
0.190817016836393	0.212306982650555	0.221544506515976	0.375331417641778
0.0651890479646784	0.842820684842376	0.0392093213722507	0.0527809960133111
0.673632021771787	0.069569780786766	0.11074483812669	0.146053683822352
0.020029244172445	0.798818387840706	0.0388812463730734	0.142270934673468
0.142270934673468	0.0388812463730734	0.798818387840706	0.020029244172445
0.146053683822352	0.11074483812669	0.069569780786766	0.673632021771787
0.0527809960133111	0.0392093213722507	0.842820684842376	0.0651890479646784
0.375331417641778	0.221544506515976	0.212306982650555	0.190817016836393
0.165555413168945	0.333604219959941	0.183418997093201	0.317421389751222
>AAGT	M0202_1.02	5.0
0.280968142229381	0.204024745939274	0.289524896055295	0.22548221577605
0.388583165456693	0.10804061434849	0.408506250379475	0.094869969815342
0.108487842230997	0.142115216652883	0.143543498325205	0.605853442790915
0.0269963537557711	0.958818512343107	0.0114238332719378	0.00276130062918425
0.7752255135608	0.0885134017392877	0.0374555153984642	0.0988055693014476
0.0168090927461243	0.659788925659082	0.0948142746678598	0.228587706926934
0.191760105165382	0.0691477236616048	0.710696260657378	0.0283959105156353
0.25152450077111	0.190098128269562	0.135306206122763	0.423071164836565
0.0539200090979567	0.0584108485439435	0.786428362852518	0.101240779505582
0.240583188913377	0.217688671482914	0.315155424906195	0.226572714697514
>AAGT	M0203_1.02	5.0
0.250583265912718	0.381378097173468	0.193212624566321	0.174826012347494
0.013384386176941	0.986426499319974	0.000150181430015317	0.0000389330730702192
0.917989489057373	0.0331879195684814	0.0401324783839796	0.00869011299016558
0.00838996067016508	0.398232430920659	0.570798257035748	0.0225793513734279
0.0461796081208941	0.31498918901861	0.627998838876867	0.0108323639836293
0.00116676785841228	0.022070401480848	0.00000630909783014946	0.97675652156291
0.0598282578304362	0.0140339316788719	0.881370504842287	0.0447673056484048
0.176479571784801	0.217718975733748	0.308957933158464	0.296843519322987
0.272825969580211	0.167140389997622	0.206197432065367	0.3538362083568
>AAGT	M0204_1.02	5.0
0.194865618940355	0.242817513344063	0.404361866915698	0.157955000799883
0.0784624707406362	0.056408532402295	0.40448733690471	0.460641659952359
0.00025341226039322	0.999507212370284	0.000143311079744512	0.0000960642895782472
0.852073824049433	0.0278734095485571	0.0561301539382051	0.0639226124638049
0.0057512970855798	0.924659358505799	0.0230905954034053	0.0464987490052161
0.0791881122287981	0.0243328232427187	0.890538369172199	0.00594069535628416
0.0864154533191234	0.146814005594637	0.0955038458790061	0.671266695207234
0.0262597805776219	0.029607819923834	0.786850691998771	0.157281707499773
0.323863922076392	0.284383430221536	0.092788567224428	0.298964080477644
>AAGT	M0205_1.02	5.0
0.26790179476954	0.219339438190017	0.228290850471933	0.28446791656851
0.222255769010208	0.520000010212481	0.141716535192024	0.116027685585287
0.425708256218148	0.158183265212751	0.226728726906851	0.18937975166225
0.106246899348091	0.605325073002274	0.0787096389319903	0.209718388717645
0.118105382650718	0.0489880945084121	0.821865945888914	0.0110405769519559
0.000988787882322171	0.0372899760564484	0.0000000785892649820901	0.961721157471964
0.0535960035073292	0.000225705213718679	0.881367345603757	0.064810945675195
0.318931032533153	0.356015717598951	0.12966768139743	0.195385568470466
>AAGT	M0206_1.02	5.0
0.331290300690279	0.180006872814559	0.235802604263981	0.252900222231181
0.194524988140894	0.59025853058218	0.130393999014495	0.0848224822624313
0.361692775504571	0.131735373635136	0.344052810692185	0.162519040168108
0.0241631813827469	0.808216560923083	0.0537761491226253	0.113844108571545
0.054750226837972	0.0332076912062554	0.909396789807195	0.00264529214857714
0.0194193429508017	0.0105515168702608	0.0202118613707949	0.949817278808143
0.00205382660594718	0.000506467405608809	0.982111346257096	0.0153283597313483
0.436323670557915	0.463304419516518	0.0317656123500457	0.0686062975755211
0.142252365109086	0.406507630129029	0.214348393705897	0.236891611055987
>AAGT	M0207_1.02	5.0
0.245978986101329	0.35256891612133	0.300439412063458	0.101012685713882
0.0588129335039519	0.919989068404313	0.00102466096185427	0.0201733371298808
0.872647867943189	0.0434465790843692	0.0421625386206017	0.0417430143518401
0.0320678728957237	0.136709014378873	0.778878203662578	0.0523449090628258
0.25232169623459	0.142694337970213	0.578654074468924	0.0263298913262729
0.00349872914389476	0.0213788005068475	0.000159199014062693	0.974963271335195
0.0482083087896085	0.00846154167430632	0.930322580937385	0.0130075685987002
0.0912452484403219	0.302944893404622	0.243118971712981	0.362690886442075
0.223098359048932	0.22087849328648	0.275231550761258	0.28079159690333
>AAGT	M0208_1.02	5.0
0.2742705228168	0.193275170801347	0.312347056086198	0.220107250295656
0.397562390134193	0.0810731536324002	0.461901598467106	0.059462857766301
0.0774493504507767	0.0945968502550973	0.100446392787923	0.727507406506203
0.00659616801200066	0.988796824597163	0.00273597777436513	0.00187102961647109
0.881511608939372	0.0520205156111199	0.0159847984215507	0.0504830770279575
0.00813312668392074	0.724836009035717	0.0734015780877223	0.19362928619264
0.156385116858946	0.0328621540596687	0.79817004407208	0.0125826850093052
0.238338278246102	0.191270948573615	0.109255699486542	0.461135073693741
0.0277801359335053	0.0283413319053918	0.883879932054162	0.0599986001069407
0.245119198450104	0.215238048194672	0.340952992699683	0.198689760655541
>AAGT	M0209_1.02	5.0
0.289475341899711	0.254186975091884	0.269905019805643	0.186432663202762
0.0525899374392902	0.774737914680033	0.0520666588187363	0.120605489061941
0.533145096867265	0.105508721121704	0.232477539027382	0.128868642983649
0.266543562918139	0.300527027992861	0.261265646751698	0.171663762337303
0.190214429651065	0.45858791253392	0.173842899149331	0.177354758665684
0.000604387296315294	0.000377743431148289	0.000312378380685206	0.998705490891851
